{
 "cells": [
  {
   "cell_type": "markdown",
   "metadata": {},
   "source": [
    "## Quantum Embedding Methods: LPFET \n",
    "This notebook demontrates quantum embedding methode\n",
    "**LPFET** (Local Potential Functional Embedding Theory)\n",
    " \n",
    "\n",
    "\n"
   ]
  },
  {
   "cell_type": "markdown",
   "metadata": {},
   "source": [
    "\n",
    "\n",
    "## 1. Theory Overview \n",
    "###  The Hubbard model is a fundamental model in condensed matter physics: \n",
    "\n",
    "$$\n",
    "\\hat{H}=-t\\sum^{L_{\\rm sites}}_{i=1}\\sum_{\\sigma}\\left(\\hat{c}_{i\\sigma}^\\dagger\\hat{c}_{i+1\\sigma}+\\hat{c}_{i+1\\sigma}^\\dagger\\hat{c}_{i\\sigma}\\right)\n",
    "+U\\sum^{L_{\\rm sites}}_{i=1}\\hat{n}_{i\\uparrow}\\hat{n}_{i\\downarrow}\n",
    "+\\sum^{L_{\\rm sites}}_{i=1}v^{\\rm ext}_i\\hat{n}_i\n",
    ",\n",
    "$$\n",
    "\n",
    "\n",
    "- $t$ : The hopping parameter, the analog for lattices of the kinetic energy operator,\n",
    "- $U$ : The parameter that controls the strength of the on-site interaction,\n",
    "- $v_i^{\\rm ext}$ : external potential,\n",
    "\n",
    "### Embedding Theory:\n",
    "LPFET partitions the system into:\n",
    "- **Cluster**: Small subsystem treated exactly\n",
    "- **Environment**: Remaining sites treated at mean-field level\n",
    "    \n",
    "<!-- <img src=\"HubbardDimer_figure.png\" width=250 />\n",
    "\n",
    "$$\n",
    "\\hat{H} = \\sum_{i,j=1}^{N_{sites}}h_{ij}\\sum_{\\sigma=\\uparrow,\\downarrow}\\cdop_{i\\sigma}\\cop_{j\\sigma} \\: + \\: \\dfrac{1}{2}\\sum_{i,j,k,l=1}^{N_{sites}}g_{ijkl}\\cdop_{i\\sigma}\\cdop_{j\\sigma}\\cop_{l\\sigma}\\cop_{k\\sigma}\n",
    "$$ -->"
   ]
  },
  {
   "cell_type": "markdown",
   "metadata": {},
   "source": [
    "## 2. Setup and Imports\n"
   ]
  },
  {
   "cell_type": "code",
   "execution_count": 1,
   "metadata": {},
   "outputs": [],
   "source": [
    "# Python imports\n",
    "import numpy as np\n",
    "import os\n",
    "import scipy\n",
    "import matplotlib.pyplot as plt\n",
    "import matplotlib.ticker as ticker\n",
    "import quantnbody as qnb\n",
    "import quantnbody.fermionic.tools as tools\n",
    "from scipy.linalg import eigh\n",
    "from scipy.sparse.linalg import eigsh\n",
    "from scipy.optimize import minimize\n",
    "\n",
    "# Set up plotting parameters\n",
    "plt.rc('font', family='serif', size=14)\n",
    "plt.rc('xtick', labelsize='x-large')\n",
    "plt.rc('ytick', labelsize='x-large')\n",
    "plt.rc('lines', linewidth=2)\n",
    "plt.rcParams.update({\"text.usetex\": True})\n"
   ]
  },
  {
   "cell_type": "markdown",
   "metadata": {},
   "source": [
    "## 3. System Parameters\n"
   ]
  },
  {
   "cell_type": "markdown",
   "metadata": {},
   "source": [
    "The many-body basis is always of the dimensions\n",
    "$$ \\binom{2 N_{\\rm site}}{N_{\\rm el}} $$\n",
    "\n",
    "<img src=\"HubbardDimer_states.png\" width=450 />\n",
    "\n",
    "For example, in the Hubbard dimer : $\\binom{2 N_{\\rm site}}{N_{\\rm el}} = \\binom{2*2}{2} = \\dfrac{4!}{2!2!} = 6$"
   ]
  },
  {
   "cell_type": "code",
   "execution_count": 2,
   "metadata": {},
   "outputs": [
    {
     "name": "stdout",
     "output_type": "stream",
     "text": [
      "Cluster: 2 sites, 2 electrons\n",
      "External potential: [-1  2 -2  3 -3  1]\n",
      "U values: [ 1.  4.  7. 10.]\n"
     ]
    }
   ],
   "source": [
    "# System Parameters\n",
    "N_mo = 6                    # Number of molecular orbitals (sites)\n",
    "N_el = 6                    # Number of electrons\n",
    "N_occ = N_el // 2          # Number of occupied orbitals\n",
    "\n",
    "\n",
    "\n",
    "# Cluster parameters\n",
    "N_mo_cl = 2                # Number of cluster orbitals\n",
    "N_el_cl = 2                # Number of cluster electrons\n",
    "\n",
    "\n",
    "\n",
    "# Environment parameters\n",
    "N_el_env = N_el - N_el_cl\n",
    "N_occ_env = N_el_env // 2\n",
    "\n",
    "\n",
    "# Physical parameters\n",
    "\n",
    "t = [1, 1, 1, 1, 1, 1]     # Hopping parameters\n",
    "v_ext = 1                   # External potential strength\n",
    "v_ext_array = np.array([-v_ext, 2*v_ext, -2*v_ext, 3*v_ext, -3*v_ext, v_ext])\n",
    "\n",
    "\n",
    "# Correlation strength values to study,\n",
    "U_list = np.linspace(1, 10, 4)  # Reduced for clarity\\,\n",
    "\n",
    "\n",
    "print(f\"Cluster: {N_mo_cl} sites, {N_el_cl} electrons\")\n",
    "print(f\"External potential: {v_ext_array}\")\n",
    "print(f\"U values: {U_list}\")\n"
   ]
  },
  {
   "cell_type": "markdown",
   "metadata": {},
   "source": [
    "## 4. Build Quantum Many-Body Basis\n"
   ]
  },
  {
   "cell_type": "markdown",
   "metadata": {},
   "source": [
    "We use the QuantNBody package (https://github.com/SYalouz/QuantNBody) that is written with operators called `a_dagger_a`.\n",
    "The operator `a_dagger_a` has $(2N_{\\rm site}) \\times (2N_{\\rm site})$ components ($(2 \\times 2) \\times (2 \\times 2) = 4 \\times 4$ in the Hubbard dimer)\n",
    "\n",
    "$$\n",
    "\\text{a\\_dagger\\_a} = \\begin{bmatrix}\n",
    "\\hat{c}_{0\\uparrow}^\\dagger\\hat{c}_{0\\uparrow} & \\hat{c}_{0\\uparrow}^\\dagger\\hat{c}_{0\\downarrow} & \\hat{c}_{0\\uparrow}^\\dagger\\hat{c}_{1\\uparrow} & \\hat{c}_{0\\uparrow}^\\dagger\\hat{c}_{1\\downarrow} \\\\\n",
    "\\hat{c}_{0\\downarrow}^\\dagger\\hat{c}_{0\\uparrow} & \\hat{c}_{0\\downarrow}^\\dagger\\hat{c}_{0\\downarrow} & \\hat{c}_{0\\downarrow}^\\dagger\\hat{c}_{1\\uparrow} & \\hat{c}_{0\\downarrow}^\\dagger\\hat{c}_{1\\downarrow} \\\\\n",
    "\\hat{c}_{1\\uparrow}^\\dagger\\hat{c}_{0\\uparrow} & \\hat{c}_{1\\uparrow}^\\dagger\\hat{c}_{0\\downarrow} & \\hat{c}_{1\\uparrow}^\\dagger\\hat{c}_{1\\uparrow} & \\hat{c}_{1\\uparrow}^\\dagger\\hat{c}_{1\\downarrow} \\\\\n",
    "\\hat{c}_{1\\downarrow}^\\dagger\\hat{c}_{0\\uparrow} & \\hat{c}_{1\\downarrow}^\\dagger\\hat{c}_{0\\downarrow} & \\hat{c}_{1\\downarrow}^\\dagger\\hat{c}_{1\\uparrow} & \\hat{c}_{1\\downarrow}^\\dagger\\hat{c}_{1\\downarrow} \\\\\n",
    "\\end{bmatrix}\n",
    "$$\n",
    "\n",
    "Each component is a matrix with $\\binom{2N_{\\rm site}}{N_{\\rm el}} \\times \\binom{2N_{\\rm site}}{N_{\\rm el}}$ elements - the dimension of the $N$-body basis squared ($6 \\times 6 = 36$ in the Hubbard dimer). For example:\n",
    "\n",
    "$$\n",
    "\\text{a\\_dagger\\_a}[0,0] = \\hat{c}_{0\\uparrow}^\\dagger\\hat{c}_{0\\uparrow} =\n",
    "\\begin{bmatrix}\n",
    "1 & 0 & 0 & 0 & 0 & 0 \\\\\n",
    "0 & 1 & 0 & 0 & 0 & 0 \\\\\n",
    "0 & 0 & 1 & 0 & 0 & 0 \\\\\n",
    "0 & 0 & 0 & 0 & 0 & 0 \\\\\n",
    "0 & 0 & 0 & 0 & 0 & 0 \\\\\n",
    "0 & 0 & 0 & 0 & 0 & 0 \\\\\n",
    "\\end{bmatrix}\n",
    "\\begin{matrix}\n",
    "{\\color{red}\\ket{1100}}  \\\\\n",
    "{\\color{red}\\ket{1010}} \\\\\n",
    "{\\color{red}\\ket{1001}} \\\\\n",
    "{\\color{red}\\ket{0110}} \\\\\n",
    "{\\color{red}\\ket{0101}} \\\\\n",
    "{\\color{red}\\ket{0011}} \\\\\n",
    "\\end{matrix}\n",
    "$$\n",
    "\n",
    "The matrix elements are calculated as:\n",
    "$$\n",
    "\\begin{align}\n",
    "\\text{a\\_dagger\\_a}[0,0][0,0] &= \\langle 1 1 0 0 |\\hat{c}_{0\\uparrow}^\\dagger\\hat{c}_{0\\uparrow}|1100\\rangle = 1 \\\\\n",
    "\\text{a\\_dagger\\_a}[0,0][0,1] &= \\langle 1100 |\\hat{c}_{0\\uparrow}^\\dagger\\hat{c}_{0\\uparrow}|1010\\rangle = 0 \\\\\n",
    "\\text{a\\_dagger\\_a}[0,0][3,3] &= \\langle 0110 |\\hat{c}_{0\\uparrow}^\\dagger\\hat{c}_{0\\uparrow}|0110\\rangle = 0\n",
    "\\end{align}\n",
    "$$"
   ]
  },
  {
   "cell_type": "code",
   "execution_count": 12,
   "metadata": {},
   "outputs": [
    {
     "name": "stdout",
     "output_type": "stream",
     "text": [
      "Full system basis dimension: 924\n",
      "Cluster basis dimension: 6\n",
      "Cluster basis states:\n",
      "State 0: [1 1 0 0]\n",
      "State 1: [1 0 1 0]\n",
      "State 2: [1 0 0 1]\n",
      "State 3: [0 1 1 0]\n",
      "State 4: [0 1 0 1]\n",
      "State 5: [0 0 1 1]\n"
     ]
    }
   ],
   "source": [
    "basis = tools.build_nbody_basis(N_mo, N_el)\n",
    "a_dag_a = tools.build_operator_a_dagger_a(basis)\n",
    "basis_cl = tools.build_nbody_basis(N_mo_cl, N_el_cl)\n",
    "a_dag_a_cl = tools.build_operator_a_dagger_a(basis_cl)\n",
    "\n",
    "print(f\"Full system basis dimension: {basis.shape[0]}\")\n",
    "print(f\"Cluster basis dimension: {basis_cl.shape[0]}\")\n",
    "print(f\"Cluster basis states:\")\n",
    "for i in range(basis_cl.shape[0]):\n",
    "    print(f\"State {i}: {basis_cl[i]}\")"
   ]
  },
  {
   "cell_type": "markdown",
   "metadata": {},
   "source": [
    "Where the one-body basis is sorted as [${\\rm site}_{0\\uparrow}$ ${\\rm site}_{0\\downarrow}$ ${\\rm site}_{1\\uparrow}$ ${\\rm site}_{1\\downarrow}$], and the state is an occupation number vector representation (value 0 means unoccupied, value 1 means occupied)."
   ]
  },
  {
   "cell_type": "markdown",
   "metadata": {},
   "source": [
    "## 5. Utility Functions"
   ]
  },
  {
   "cell_type": "markdown",
   "metadata": {},
   "source": [
    "####  Building the Hamiltonian matrices in site basis\n",
    "\n",
    "Let us consider the asymmetric Hubbard dimer with $v^{\\rm ext}_0 = - v^{\\rm ext}$ and $v^{\\rm ext}_1 = v^{ext}$ where $v^{\\rm ext}$ is chosen by the user.\n",
    "\n",
    "one-electron operator matrix elements - kinetic and potential energy\n",
    "\n",
    "$$\n",
    "\\boldsymbol{h} = \\{h_{ij}\\} = \\begin{bmatrix}\n",
    "-v^{\\rm ext} & -t \\\\\n",
    "-t & +v^{\\rm ext} \\\\\n",
    "\\end{bmatrix}\n",
    "$$\n",
    "\n",
    "two-electron operator (is a four-rank tensor) \"matrix\" elements - electron repulsion energy\n",
    "\n",
    "\n",
    "<img src=\"HubbardDimer_U_matrix.png\" width=450 />\n",
    "\n",
    "\n",
    "\n"
   ]
  },
  {
   "cell_type": "code",
   "execution_count": 14,
   "metadata": {},
   "outputs": [],
   "source": [
    "def h_matrix(n_mo, n_elec, t, v, configuration=\"ring\"):\n",
    "    \"\"\"\n",
    "    Build the one-body Hamiltonian matrix for the Hubbard model.\n",
    "    \n",
    "    Parameters:\n",
    "    -----------\n",
    "    n_mo : int\n",
    "        Number of molecular orbitals\n",
    "    n_elec : int\n",
    "        Number of electrons\n",
    "    t : array\n",
    "        Hopping parameters\n",
    "    v : array\n",
    "        On-site potentials\n",
    "    configuration : str\n",
    "        \"ring\" or \"line\" geometry\n",
    "        \n",
    "    Returns:\n",
    "    --------\n",
    "    array : One-body Hamiltonian matrix\n",
    "    \"\"\"\n",
    "    tM = np.zeros((n_mo, n_mo))\n",
    "    \n",
    "    # Nearest neighbor hopping\n",
    "    for i in range(n_mo - 1):\n",
    "        tM[i, i + 1] = tM[i + 1, i] = -t[i]\n",
    "    \n",
    "    # Periodic boundary conditions for ring\n",
    "    if configuration == \"ring\":\n",
    "        if n_elec % 4 == 2:\n",
    "            tM[0, n_mo - 1] = tM[n_mo - 1, 0] = -t[-1]\n",
    "        elif n_elec % 4 == 0:\n",
    "            tM[0, n_mo - 1] = tM[n_mo - 1, 0] = t[-1]\n",
    "    \n",
    "    # Add on-site potentials\n",
    "    tM += np.diag(v)\n",
    "    return tM\n",
    "\n",
    "def u_matrix(n_mo, U, delocalized_rep=False, orb_coeffs=None):\n",
    "    \"\"\"\n",
    "    Build the two-body interaction tensor.\n",
    "    \n",
    "    Parameters:\n",
    "    -----------\n",
    "    n_mo : int\n",
    "        Number of molecular orbitals\n",
    "    U : float\n",
    "        Coulomb repulsion strength\n",
    "    delocalized_rep : bool\n",
    "        Whether to use delocalized representation\n",
    "    orb_coeffs : array\n",
    "        Orbital coefficients for transformation\n",
    "        \n",
    "    Returns:\n",
    "    --------\n",
    "    array : Two-body interaction tensor\n",
    "    \"\"\"\n",
    "    UM = np.zeros((n_mo, n_mo, n_mo, n_mo))\n",
    "    \n",
    "    if delocalized_rep and orb_coeffs is not None:\n",
    "        for p in range(n_mo):\n",
    "            for q in range(n_mo):\n",
    "                for r in range(n_mo):\n",
    "                    for s in range(n_mo):\n",
    "                        UM[p, q, r, s] = U * np.sum(\n",
    "                            orb_coeffs[:, p] * orb_coeffs[:, q] * \n",
    "                            orb_coeffs[:, r] * orb_coeffs[:, s])\n",
    "    else:\n",
    "        for i in range(n_mo):\n",
    "            UM[i, i, i, i] = U\n",
    "    \n",
    "    return UM\n",
    "\n",
    "\n",
    "def direct_sum(A, B):\n",
    "    \"\"\"\n",
    "    Returns a direct sum of two matrices, A and B.\n",
    "    \n",
    "    A_B_dsum = |A 0|\n",
    "               |0 B|\n",
    "\n",
    "    \"\"\"\n",
    "    \n",
    "    \n",
    "    zero_A = np.zeros((A.shape[0], B.shape[1]))\n",
    "    zero_B = np.zeros((B.shape[0], A.shape[1]))\n",
    "    return np.block([[A, zero_A], [zero_B, B]])\n",
    "\n",
    "\n",
    "\n",
    "def switch_sites_matrix(M, new_impurity):\n",
    "    \"\"\"Permute matrix to set new_impurity as site 0.\"\"\"\n",
    "    M_permuted = M.copy()\n",
    "    M_permuted[:, [0, new_impurity]] = M_permuted[:, [new_impurity, 0]]\n",
    "    M_permuted[[0, new_impurity], :] = M_permuted[[new_impurity, 0], :]\n",
    "    return M_permuted\n",
    "\n",
    "\n",
    "def switch_sites_tensor4(M, new_impurity):\n",
    "    \"\"\"Permute 4-tensor to set new_impurity as site 0.\"\"\"\n",
    "    M_permuted = M.copy()\n",
    "    M_permuted[[0, new_impurity], :, :, :] = M_permuted[[new_impurity, 0], :, :, :]\n",
    "    M_permuted[:, [0, new_impurity], :, :] = M_permuted[:, [new_impurity, 0], :, :]\n",
    "    M_permuted[:, :, [0, new_impurity], :] = M_permuted[:, :, [new_impurity, 0], :]\n",
    "    M_permuted[:, :, :, [0, new_impurity]] = M_permuted[:, :, :, [new_impurity, 0]]\n",
    "    return M_permuted\n",
    "\n",
    "\n",
    "def switch_sites_vector(v, new_impurity):\n",
    "    \"\"\"Permute vector to set new_impurity as element 0.\"\"\"\n",
    "    v_permuted = v.copy() \n",
    "    v_permuted[0], v_permuted[new_impurity] = v_permuted[new_impurity], v_permuted[0]\n",
    "    return v_permuted"
   ]
  },
  {
   "cell_type": "code",
   "execution_count": 15,
   "metadata": {},
   "outputs": [
    {
     "name": "stdout",
     "output_type": "stream",
     "text": [
      "Example one-body Hamiltonian matrix:\n",
      "[[-1. -1.  0.  0.  0. -1.]\n",
      " [-1.  2. -1.  0.  0.  0.]\n",
      " [ 0. -1. -2. -1.  0.  0.]\n",
      " [ 0.  0. -1.  3. -1.  0.]\n",
      " [ 0.  0.  0. -1. -3. -1.]\n",
      " [-1.  0.  0.  0. -1.  1.]]\n",
      "Example two-body interaction tensor:\n",
      "[[[[1. 0. 0. 0. 0. 0.]\n",
      "   [0. 0. 0. 0. 0. 0.]\n",
      "   [0. 0. 0. 0. 0. 0.]\n",
      "   [0. 0. 0. 0. 0. 0.]\n",
      "   [0. 0. 0. 0. 0. 0.]\n",
      "   [0. 0. 0. 0. 0. 0.]]\n",
      "\n",
      "  [[0. 0. 0. 0. 0. 0.]\n",
      "   [0. 0. 0. 0. 0. 0.]\n",
      "   [0. 0. 0. 0. 0. 0.]\n",
      "   [0. 0. 0. 0. 0. 0.]\n",
      "   [0. 0. 0. 0. 0. 0.]\n",
      "   [0. 0. 0. 0. 0. 0.]]\n",
      "\n",
      "  [[0. 0. 0. 0. 0. 0.]\n",
      "   [0. 0. 0. 0. 0. 0.]\n",
      "   [0. 0. 0. 0. 0. 0.]\n",
      "   [0. 0. 0. 0. 0. 0.]\n",
      "   [0. 0. 0. 0. 0. 0.]\n",
      "   [0. 0. 0. 0. 0. 0.]]\n",
      "\n",
      "  [[0. 0. 0. 0. 0. 0.]\n",
      "   [0. 0. 0. 0. 0. 0.]\n",
      "   [0. 0. 0. 0. 0. 0.]\n",
      "   [0. 0. 0. 0. 0. 0.]\n",
      "   [0. 0. 0. 0. 0. 0.]\n",
      "   [0. 0. 0. 0. 0. 0.]]\n",
      "\n",
      "  [[0. 0. 0. 0. 0. 0.]\n",
      "   [0. 0. 0. 0. 0. 0.]\n",
      "   [0. 0. 0. 0. 0. 0.]\n",
      "   [0. 0. 0. 0. 0. 0.]\n",
      "   [0. 0. 0. 0. 0. 0.]\n",
      "   [0. 0. 0. 0. 0. 0.]]\n",
      "\n",
      "  [[0. 0. 0. 0. 0. 0.]\n",
      "   [0. 0. 0. 0. 0. 0.]\n",
      "   [0. 0. 0. 0. 0. 0.]\n",
      "   [0. 0. 0. 0. 0. 0.]\n",
      "   [0. 0. 0. 0. 0. 0.]\n",
      "   [0. 0. 0. 0. 0. 0.]]]\n",
      "\n",
      "\n",
      " [[[0. 0. 0. 0. 0. 0.]\n",
      "   [0. 0. 0. 0. 0. 0.]\n",
      "   [0. 0. 0. 0. 0. 0.]\n",
      "   [0. 0. 0. 0. 0. 0.]\n",
      "   [0. 0. 0. 0. 0. 0.]\n",
      "   [0. 0. 0. 0. 0. 0.]]\n",
      "\n",
      "  [[0. 0. 0. 0. 0. 0.]\n",
      "   [0. 1. 0. 0. 0. 0.]\n",
      "   [0. 0. 0. 0. 0. 0.]\n",
      "   [0. 0. 0. 0. 0. 0.]\n",
      "   [0. 0. 0. 0. 0. 0.]\n",
      "   [0. 0. 0. 0. 0. 0.]]\n",
      "\n",
      "  [[0. 0. 0. 0. 0. 0.]\n",
      "   [0. 0. 0. 0. 0. 0.]\n",
      "   [0. 0. 0. 0. 0. 0.]\n",
      "   [0. 0. 0. 0. 0. 0.]\n",
      "   [0. 0. 0. 0. 0. 0.]\n",
      "   [0. 0. 0. 0. 0. 0.]]\n",
      "\n",
      "  [[0. 0. 0. 0. 0. 0.]\n",
      "   [0. 0. 0. 0. 0. 0.]\n",
      "   [0. 0. 0. 0. 0. 0.]\n",
      "   [0. 0. 0. 0. 0. 0.]\n",
      "   [0. 0. 0. 0. 0. 0.]\n",
      "   [0. 0. 0. 0. 0. 0.]]\n",
      "\n",
      "  [[0. 0. 0. 0. 0. 0.]\n",
      "   [0. 0. 0. 0. 0. 0.]\n",
      "   [0. 0. 0. 0. 0. 0.]\n",
      "   [0. 0. 0. 0. 0. 0.]\n",
      "   [0. 0. 0. 0. 0. 0.]\n",
      "   [0. 0. 0. 0. 0. 0.]]\n",
      "\n",
      "  [[0. 0. 0. 0. 0. 0.]\n",
      "   [0. 0. 0. 0. 0. 0.]\n",
      "   [0. 0. 0. 0. 0. 0.]\n",
      "   [0. 0. 0. 0. 0. 0.]\n",
      "   [0. 0. 0. 0. 0. 0.]\n",
      "   [0. 0. 0. 0. 0. 0.]]]\n",
      "\n",
      "\n",
      " [[[0. 0. 0. 0. 0. 0.]\n",
      "   [0. 0. 0. 0. 0. 0.]\n",
      "   [0. 0. 0. 0. 0. 0.]\n",
      "   [0. 0. 0. 0. 0. 0.]\n",
      "   [0. 0. 0. 0. 0. 0.]\n",
      "   [0. 0. 0. 0. 0. 0.]]\n",
      "\n",
      "  [[0. 0. 0. 0. 0. 0.]\n",
      "   [0. 0. 0. 0. 0. 0.]\n",
      "   [0. 0. 0. 0. 0. 0.]\n",
      "   [0. 0. 0. 0. 0. 0.]\n",
      "   [0. 0. 0. 0. 0. 0.]\n",
      "   [0. 0. 0. 0. 0. 0.]]\n",
      "\n",
      "  [[0. 0. 0. 0. 0. 0.]\n",
      "   [0. 0. 0. 0. 0. 0.]\n",
      "   [0. 0. 1. 0. 0. 0.]\n",
      "   [0. 0. 0. 0. 0. 0.]\n",
      "   [0. 0. 0. 0. 0. 0.]\n",
      "   [0. 0. 0. 0. 0. 0.]]\n",
      "\n",
      "  [[0. 0. 0. 0. 0. 0.]\n",
      "   [0. 0. 0. 0. 0. 0.]\n",
      "   [0. 0. 0. 0. 0. 0.]\n",
      "   [0. 0. 0. 0. 0. 0.]\n",
      "   [0. 0. 0. 0. 0. 0.]\n",
      "   [0. 0. 0. 0. 0. 0.]]\n",
      "\n",
      "  [[0. 0. 0. 0. 0. 0.]\n",
      "   [0. 0. 0. 0. 0. 0.]\n",
      "   [0. 0. 0. 0. 0. 0.]\n",
      "   [0. 0. 0. 0. 0. 0.]\n",
      "   [0. 0. 0. 0. 0. 0.]\n",
      "   [0. 0. 0. 0. 0. 0.]]\n",
      "\n",
      "  [[0. 0. 0. 0. 0. 0.]\n",
      "   [0. 0. 0. 0. 0. 0.]\n",
      "   [0. 0. 0. 0. 0. 0.]\n",
      "   [0. 0. 0. 0. 0. 0.]\n",
      "   [0. 0. 0. 0. 0. 0.]\n",
      "   [0. 0. 0. 0. 0. 0.]]]\n",
      "\n",
      "\n",
      " [[[0. 0. 0. 0. 0. 0.]\n",
      "   [0. 0. 0. 0. 0. 0.]\n",
      "   [0. 0. 0. 0. 0. 0.]\n",
      "   [0. 0. 0. 0. 0. 0.]\n",
      "   [0. 0. 0. 0. 0. 0.]\n",
      "   [0. 0. 0. 0. 0. 0.]]\n",
      "\n",
      "  [[0. 0. 0. 0. 0. 0.]\n",
      "   [0. 0. 0. 0. 0. 0.]\n",
      "   [0. 0. 0. 0. 0. 0.]\n",
      "   [0. 0. 0. 0. 0. 0.]\n",
      "   [0. 0. 0. 0. 0. 0.]\n",
      "   [0. 0. 0. 0. 0. 0.]]\n",
      "\n",
      "  [[0. 0. 0. 0. 0. 0.]\n",
      "   [0. 0. 0. 0. 0. 0.]\n",
      "   [0. 0. 0. 0. 0. 0.]\n",
      "   [0. 0. 0. 0. 0. 0.]\n",
      "   [0. 0. 0. 0. 0. 0.]\n",
      "   [0. 0. 0. 0. 0. 0.]]\n",
      "\n",
      "  [[0. 0. 0. 0. 0. 0.]\n",
      "   [0. 0. 0. 0. 0. 0.]\n",
      "   [0. 0. 0. 0. 0. 0.]\n",
      "   [0. 0. 0. 1. 0. 0.]\n",
      "   [0. 0. 0. 0. 0. 0.]\n",
      "   [0. 0. 0. 0. 0. 0.]]\n",
      "\n",
      "  [[0. 0. 0. 0. 0. 0.]\n",
      "   [0. 0. 0. 0. 0. 0.]\n",
      "   [0. 0. 0. 0. 0. 0.]\n",
      "   [0. 0. 0. 0. 0. 0.]\n",
      "   [0. 0. 0. 0. 0. 0.]\n",
      "   [0. 0. 0. 0. 0. 0.]]\n",
      "\n",
      "  [[0. 0. 0. 0. 0. 0.]\n",
      "   [0. 0. 0. 0. 0. 0.]\n",
      "   [0. 0. 0. 0. 0. 0.]\n",
      "   [0. 0. 0. 0. 0. 0.]\n",
      "   [0. 0. 0. 0. 0. 0.]\n",
      "   [0. 0. 0. 0. 0. 0.]]]\n",
      "\n",
      "\n",
      " [[[0. 0. 0. 0. 0. 0.]\n",
      "   [0. 0. 0. 0. 0. 0.]\n",
      "   [0. 0. 0. 0. 0. 0.]\n",
      "   [0. 0. 0. 0. 0. 0.]\n",
      "   [0. 0. 0. 0. 0. 0.]\n",
      "   [0. 0. 0. 0. 0. 0.]]\n",
      "\n",
      "  [[0. 0. 0. 0. 0. 0.]\n",
      "   [0. 0. 0. 0. 0. 0.]\n",
      "   [0. 0. 0. 0. 0. 0.]\n",
      "   [0. 0. 0. 0. 0. 0.]\n",
      "   [0. 0. 0. 0. 0. 0.]\n",
      "   [0. 0. 0. 0. 0. 0.]]\n",
      "\n",
      "  [[0. 0. 0. 0. 0. 0.]\n",
      "   [0. 0. 0. 0. 0. 0.]\n",
      "   [0. 0. 0. 0. 0. 0.]\n",
      "   [0. 0. 0. 0. 0. 0.]\n",
      "   [0. 0. 0. 0. 0. 0.]\n",
      "   [0. 0. 0. 0. 0. 0.]]\n",
      "\n",
      "  [[0. 0. 0. 0. 0. 0.]\n",
      "   [0. 0. 0. 0. 0. 0.]\n",
      "   [0. 0. 0. 0. 0. 0.]\n",
      "   [0. 0. 0. 0. 0. 0.]\n",
      "   [0. 0. 0. 0. 0. 0.]\n",
      "   [0. 0. 0. 0. 0. 0.]]\n",
      "\n",
      "  [[0. 0. 0. 0. 0. 0.]\n",
      "   [0. 0. 0. 0. 0. 0.]\n",
      "   [0. 0. 0. 0. 0. 0.]\n",
      "   [0. 0. 0. 0. 0. 0.]\n",
      "   [0. 0. 0. 0. 1. 0.]\n",
      "   [0. 0. 0. 0. 0. 0.]]\n",
      "\n",
      "  [[0. 0. 0. 0. 0. 0.]\n",
      "   [0. 0. 0. 0. 0. 0.]\n",
      "   [0. 0. 0. 0. 0. 0.]\n",
      "   [0. 0. 0. 0. 0. 0.]\n",
      "   [0. 0. 0. 0. 0. 0.]\n",
      "   [0. 0. 0. 0. 0. 0.]]]\n",
      "\n",
      "\n",
      " [[[0. 0. 0. 0. 0. 0.]\n",
      "   [0. 0. 0. 0. 0. 0.]\n",
      "   [0. 0. 0. 0. 0. 0.]\n",
      "   [0. 0. 0. 0. 0. 0.]\n",
      "   [0. 0. 0. 0. 0. 0.]\n",
      "   [0. 0. 0. 0. 0. 0.]]\n",
      "\n",
      "  [[0. 0. 0. 0. 0. 0.]\n",
      "   [0. 0. 0. 0. 0. 0.]\n",
      "   [0. 0. 0. 0. 0. 0.]\n",
      "   [0. 0. 0. 0. 0. 0.]\n",
      "   [0. 0. 0. 0. 0. 0.]\n",
      "   [0. 0. 0. 0. 0. 0.]]\n",
      "\n",
      "  [[0. 0. 0. 0. 0. 0.]\n",
      "   [0. 0. 0. 0. 0. 0.]\n",
      "   [0. 0. 0. 0. 0. 0.]\n",
      "   [0. 0. 0. 0. 0. 0.]\n",
      "   [0. 0. 0. 0. 0. 0.]\n",
      "   [0. 0. 0. 0. 0. 0.]]\n",
      "\n",
      "  [[0. 0. 0. 0. 0. 0.]\n",
      "   [0. 0. 0. 0. 0. 0.]\n",
      "   [0. 0. 0. 0. 0. 0.]\n",
      "   [0. 0. 0. 0. 0. 0.]\n",
      "   [0. 0. 0. 0. 0. 0.]\n",
      "   [0. 0. 0. 0. 0. 0.]]\n",
      "\n",
      "  [[0. 0. 0. 0. 0. 0.]\n",
      "   [0. 0. 0. 0. 0. 0.]\n",
      "   [0. 0. 0. 0. 0. 0.]\n",
      "   [0. 0. 0. 0. 0. 0.]\n",
      "   [0. 0. 0. 0. 0. 0.]\n",
      "   [0. 0. 0. 0. 0. 0.]]\n",
      "\n",
      "  [[0. 0. 0. 0. 0. 0.]\n",
      "   [0. 0. 0. 0. 0. 0.]\n",
      "   [0. 0. 0. 0. 0. 0.]\n",
      "   [0. 0. 0. 0. 0. 0.]\n",
      "   [0. 0. 0. 0. 0. 0.]\n",
      "   [0. 0. 0. 0. 0. 1.]]]]\n"
     ]
    }
   ],
   "source": [
    "#Example usage of the functions\n",
    "h_matrix_example = h_matrix(N_mo, N_el, t, v_ext_array, configuration=\"ring\")\n",
    "u_matrix_example = u_matrix(N_mo, U_list[0], delocalized_rep=False)\n",
    "print(\"Example one-body Hamiltonian matrix:\")\n",
    "print(h_matrix_example)\n",
    "\n",
    "print(\"Example two-body interaction tensor:\")\n",
    "print(u_matrix_example)"
   ]
  },
  {
   "cell_type": "code",
   "execution_count": 16,
   "metadata": {},
   "outputs": [
    {
     "name": "stdout",
     "output_type": "stream",
     "text": [
      "Example Hamiltonian matrix:\n",
      "[[ 1.  0. -1. ...  0.  0.  0.]\n",
      " [ 0.  5.  0. ...  0.  0.  0.]\n",
      " [-1.  0.  5. ...  0.  0.  0.]\n",
      " ...\n",
      " [ 0.  0.  0. ... -1.  0.  1.]\n",
      " [ 0.  0.  0. ...  0. -1.  0.]\n",
      " [ 0.  0.  0. ...  1.  0.  5.]]\n",
      "Reduced Density Matrix 1 (RDM1):\n",
      "[[ 1.56829781  0.46620615 -0.06927995 -0.08883185 -0.13490308  0.65003582]\n",
      " [ 0.46620615  0.25883139  0.44008202  0.06213604 -0.09140142  0.15951694]\n",
      " [-0.06927995  0.44008202  1.80075843  0.37883301 -0.02560082 -0.122955  ]\n",
      " [-0.08883185  0.06213604  0.37883301  0.13977573  0.32214885  0.02268251]\n",
      " [-0.13490308 -0.09140142 -0.02560082  0.32214885  1.84253135  0.39792416]\n",
      " [ 0.65003582  0.15951694 -0.122955    0.02268251  0.39792416  0.3898053 ]]\n",
      "Reduced Density Matrix 2 (RDM2):\n",
      "[[[[ 1.20689486e+00  3.72024176e-01 -5.44811286e-02 -7.17650878e-02\n",
      "    -1.10799353e-01  5.26347887e-01]\n",
      "   [ 3.72024176e-01  3.03156383e-01  7.07690864e-01  1.17344730e-01\n",
      "    -1.14560120e-01  1.06669806e-01]\n",
      "   [-5.44811286e-02  7.07690864e-01  2.82053501e+00  5.91170919e-01\n",
      "    -4.35299897e-02 -1.73535788e-01]\n",
      "   [-7.17650878e-02  1.17344730e-01  5.91170919e-01  2.15430403e-01\n",
      "     4.99343295e-01  6.28065136e-02]\n",
      "   [-1.10799353e-01 -1.14560120e-01 -4.35299897e-02  4.99343295e-01\n",
      "     2.87919322e+00  6.68812426e-01]\n",
      "   [ 5.26347887e-01  1.06669806e-01 -1.73535788e-01  6.28065136e-02\n",
      "     6.68812426e-01  4.16279182e-01]]\n",
      "\n",
      "  [[ 3.72024176e-01  9.10779346e-02 -1.26922435e-02 -1.82898848e-02\n",
      "    -3.00760549e-02  1.41578176e-01]\n",
      "   [ 2.23826146e-02  5.40752600e-02  2.17267097e-01  4.15683198e-02\n",
      "    -2.54669389e-02 -1.12471776e-02]\n",
      "   [-3.75689245e-01  9.43120650e-02  8.56353476e-01  1.97038418e-01\n",
      "     1.73514183e-02 -1.99541653e-01]\n",
      "   [-9.12282103e-02  1.36950832e-02  1.79206198e-01  6.79612499e-02\n",
      "     1.53975685e-01 -8.92070945e-03]\n",
      "   [ 5.18560843e-03 -1.86181989e-02 -1.53410498e-02  1.45477351e-01\n",
      "     8.52168089e-01  2.17578671e-01]\n",
      "   [ 1.88341771e-01  3.20228688e-02 -5.15205874e-02  1.82658549e-02\n",
      "     1.97536318e-01  1.28448506e-01]]\n",
      "\n",
      "  [[-5.44811286e-02 -1.26922435e-02  9.61553198e-04  2.79389298e-03\n",
      "     5.23975380e-03 -2.26772989e-02]\n",
      "   [-3.75689245e-01 -1.17937350e-01 -1.27898167e-02  1.55214364e-02\n",
      "     3.57593469e-02 -1.53536474e-01]\n",
      "   [-1.40878033e+00 -4.48558410e-01 -6.35137964e-02  5.28925851e-02\n",
      "     1.23452474e-01 -5.76716192e-01]\n",
      "   [-2.90647467e-01 -9.22614681e-02 -1.26673672e-02  7.06775717e-03\n",
      "     3.01660494e-03 -1.24881631e-01]\n",
      "   [ 3.09757516e-02  1.19723616e-02  9.98310473e-04 -2.35748106e-02\n",
      "    -1.28867529e-01 -2.00567137e-02]\n",
      "   [ 4.74183849e-02  1.80405543e-02  3.85301934e-03 -7.21199683e-03\n",
      "    -3.65137711e-02  1.13323040e-02]]\n",
      "\n",
      "  [[-7.17650878e-02 -1.82898848e-02  2.79389298e-03  2.88226850e-03\n",
      "     5.12723666e-03 -2.49190405e-02]\n",
      "   [-9.12282103e-02 -3.65975379e-02 -3.66660146e-02 -2.54123849e-03\n",
      "     1.19382026e-02 -3.34602879e-02]\n",
      "   [-2.90647467e-01 -1.26859981e-01 -1.47524019e-01 -1.49047296e-02\n",
      "     2.76946509e-02 -1.12929005e-01]\n",
      "   [-1.01352327e-01 -3.81272983e-02 -2.89366167e-02 -5.43925442e-03\n",
      "    -1.90757267e-02 -4.76023829e-02]\n",
      "   [-2.40243692e-01 -6.74851752e-02  1.32587989e-02 -1.27045851e-02\n",
      "    -1.42411507e-01 -1.39749522e-01]\n",
      "   [-7.78608117e-02 -1.88692980e-02  1.15800275e-02 -1.06670586e-03\n",
      "    -3.37689462e-02 -4.04218539e-02]]\n",
      "\n",
      "  [[-1.10799353e-01 -3.00760549e-02  5.23975380e-03  5.12723666e-03\n",
      "     5.73444589e-03 -3.51521309e-02]\n",
      "   [ 5.18560843e-03 -1.39348650e-02 -6.27060454e-02 -1.27943082e-02\n",
      "     5.04475726e-03  9.80260591e-03]\n",
      "   [ 3.09757516e-02 -5.39132403e-02 -2.43592432e-01 -5.23523663e-02\n",
      "     2.11048479e-03  2.36616996e-02]\n",
      "   [-2.40243692e-01 -8.38001555e-02 -4.02138895e-02 -4.43126991e-03\n",
      "    -2.02615601e-02 -1.07691910e-01]\n",
      "   [-1.42809281e+00 -4.17597497e-01  6.77809671e-02  3.77406661e-02\n",
      "    -1.25924295e-01 -6.51166694e-01]\n",
      "   [-3.99374218e-01 -1.13302024e-01  2.97859649e-02  1.47487163e-02\n",
      "    -2.36007597e-02 -1.75833201e-01]]\n",
      "\n",
      "  [[ 5.26347887e-01  1.41578176e-01 -2.26772989e-02 -2.49190405e-02\n",
      "    -3.51521309e-02  1.69369653e-01]\n",
      "   [ 1.88341771e-01  1.29837934e-01  2.92063983e-01  4.83396556e-02\n",
      "    -4.70234400e-02  4.21077088e-02]\n",
      "   [ 4.74183849e-02  3.16253569e-01  1.16616151e+00  2.39954001e-01\n",
      "    -2.61420094e-02 -3.35501300e-02]\n",
      "   [-7.78608117e-02  3.57874926e-02  2.46877490e-01  9.17477166e-02\n",
      "     2.10994017e-01  8.48322346e-03]\n",
      "   [-3.99374218e-01 -1.50603508e-01 -3.48601926e-03  2.27709304e-01\n",
      "     1.22573530e+00  1.21088645e-01]\n",
      "   [ 1.40650189e-01  1.19776184e-02 -6.88365742e-02  3.38346231e-02\n",
      "     2.92716922e-01  1.10348741e-01]]]\n",
      "\n",
      "\n",
      " [[[ 3.72024176e-01  2.23826146e-02 -3.75689245e-01 -9.12282103e-02\n",
      "     5.18560843e-03  1.88341771e-01]\n",
      "   [ 9.10779346e-02  5.40752600e-02  9.43120650e-02  1.36950832e-02\n",
      "    -1.86181989e-02  3.20228688e-02]\n",
      "   [-1.26922435e-02  2.17267097e-01  8.56353476e-01  1.79206198e-01\n",
      "    -1.53410498e-02 -5.15205874e-02]\n",
      "   [-1.82898848e-02  4.15683198e-02  1.97038418e-01  6.79612499e-02\n",
      "     1.45477351e-01  1.82658549e-02]\n",
      "   [-3.00760549e-02 -2.54669389e-02  1.73514183e-02  1.53975685e-01\n",
      "     8.52168089e-01  1.97536318e-01]\n",
      "   [ 1.41578176e-01 -1.12471776e-02 -1.99541653e-01 -8.92070945e-03\n",
      "     2.17578671e-01  1.28448506e-01]]\n",
      "\n",
      "  [[ 3.03156383e-01  5.40752600e-02 -1.17937350e-01 -3.65975379e-02\n",
      "    -1.39348650e-02  1.29837934e-01]\n",
      "   [ 5.40752600e-02  2.59521516e-02  5.12892829e-02  7.11601750e-03\n",
      "    -1.02920852e-02  1.76964642e-02]\n",
      "   [-1.17937350e-01  5.12892829e-02  3.72753209e-01  8.33358530e-02\n",
      "     1.30094446e-02 -6.52584637e-02]\n",
      "   [-3.65975379e-02  7.11601750e-03  8.33358530e-02  3.36083103e-02\n",
      "     8.60111289e-02  1.74282497e-03]\n",
      "   [-1.39348650e-02 -1.02920852e-02  1.30094446e-02  8.60111289e-02\n",
      "     4.72521973e-01  1.11026305e-01]\n",
      "   [ 1.29837934e-01  1.76964642e-02 -6.52584637e-02  1.74282497e-03\n",
      "     1.11026305e-01  8.61649013e-02]]\n",
      "\n",
      "  [[ 7.07690864e-01  2.17267097e-01 -1.27898167e-02 -3.66660146e-02\n",
      "    -6.27060454e-02  2.92063983e-01]\n",
      "   [ 9.43120650e-02  5.12892829e-02  8.14580723e-02  1.11949023e-02\n",
      "    -1.78946757e-02  3.27426956e-02]\n",
      "   [-4.48558410e-01 -3.48387056e-02  4.01106291e-01  1.12666197e-01\n",
      "     7.03020766e-02 -1.97646691e-01]\n",
      "   [-1.26859981e-01 -2.28216939e-02  7.70743647e-02  4.86538705e-02\n",
      "     1.59487067e-01 -1.97161007e-02]\n",
      "   [-5.39132403e-02 -3.76087591e-02 -5.87226774e-03  1.42748584e-01\n",
      "     8.09964233e-01  1.76591429e-01]\n",
      "   [ 3.16253569e-01  8.83438308e-02 -2.31284539e-02  1.43414160e-02\n",
      "     1.68530039e-01  1.81705544e-01]]\n",
      "\n",
      "  [[ 1.17344730e-01  4.15683198e-02  1.55214364e-02 -2.54123849e-03\n",
      "    -1.27943082e-02  4.83396556e-02]\n",
      "   [ 1.36950832e-02  7.11601750e-03  1.11949023e-02  1.08209785e-03\n",
      "    -2.68117677e-03  5.17887015e-03]\n",
      "   [-9.22614681e-02 -2.28216939e-02  3.00950505e-02  9.97286615e-03\n",
      "     1.58370607e-02 -3.74177976e-02]\n",
      "   [-3.81272983e-02 -1.49474404e-02 -8.36708688e-03  3.65942290e-03\n",
      "     2.68360507e-02 -9.52244169e-03]\n",
      "   [-8.38001555e-02 -4.76241857e-02 -7.23728092e-02  9.54439779e-03\n",
      "     1.29169330e-01 -8.30690442e-04]\n",
      "   [ 3.57874926e-02  7.92077109e-03 -1.20137661e-02  8.61341371e-04\n",
      "     2.57506692e-02  2.32956309e-02]]\n",
      "\n",
      "  [[-1.14560120e-01 -2.54669389e-02  3.57593469e-02  1.19382026e-02\n",
      "     5.04475726e-03 -4.70234400e-02]\n",
      "   [-1.86181989e-02 -1.02920852e-02 -1.78946757e-02 -2.68117677e-03\n",
      "     2.96967772e-03 -5.82313539e-03]\n",
      "   [ 1.19723616e-02 -3.76087591e-02 -1.59578332e-01 -3.37291035e-02\n",
      "     1.29931919e-03  1.27316493e-02]\n",
      "   [-6.74851752e-02 -4.76241857e-02 -1.05323907e-01 -2.24394545e-02\n",
      "    -1.32598852e-02 -2.77559476e-02]\n",
      "   [-4.17597497e-01 -2.30106595e-01 -4.02856284e-01 -8.68037575e-02\n",
      "    -8.51423047e-02 -1.83323357e-01]\n",
      "   [-1.50603508e-01 -6.56234228e-02 -7.70397755e-02 -1.43567293e-02\n",
      "    -1.61007553e-02 -6.49947981e-02]]\n",
      "\n",
      "  [[ 1.06669806e-01 -1.12471776e-02 -1.53536474e-01 -3.34602879e-02\n",
      "     9.80260591e-03  4.21077088e-02]\n",
      "   [ 3.20228688e-02  1.76964642e-02  3.27426956e-02  5.17887015e-03\n",
      "    -5.82313539e-03  7.85948380e-03]\n",
      "   [ 1.80405543e-02  8.83438308e-02  3.14417793e-01  6.46811992e-02\n",
      "    -1.02387592e-02 -8.04849155e-03]\n",
      "   [-1.88692980e-02  7.92077109e-03  5.60836858e-02  2.18280229e-02\n",
      "     5.23727708e-02  2.48200325e-03]\n",
      "   [-1.13302024e-01 -6.56234228e-02 -9.20412519e-02  3.92225649e-02\n",
      "     3.12035295e-01  3.04101115e-02]\n",
      "   [ 1.19776184e-02 -2.72734107e-02 -1.05564974e-01 -7.54570610e-03\n",
      "     8.45120729e-02  2.49373156e-02]]]\n",
      "\n",
      "\n",
      " [[[-5.44811286e-02 -3.75689245e-01 -1.40878033e+00 -2.90647467e-01\n",
      "     3.09757516e-02  4.74183849e-02]\n",
      "   [-1.26922435e-02 -1.17937350e-01 -4.48558410e-01 -9.22614681e-02\n",
      "     1.19723616e-02  1.80405543e-02]\n",
      "   [ 9.61553198e-04 -1.27898167e-02 -6.35137964e-02 -1.26673672e-02\n",
      "     9.98310473e-04  3.85301934e-03]\n",
      "   [ 2.79389298e-03  1.55214364e-02  5.28925851e-02  7.06775717e-03\n",
      "    -2.35748106e-02 -7.21199683e-03]\n",
      "   [ 5.23975380e-03  3.57593469e-02  1.23452474e-01  3.01660494e-03\n",
      "    -1.28867529e-01 -3.65137711e-02]\n",
      "   [-2.26772989e-02 -1.53536474e-01 -5.76716192e-01 -1.24881631e-01\n",
      "    -2.00567137e-02  1.13323040e-02]]\n",
      "\n",
      "  [[ 7.07690864e-01  9.43120650e-02 -4.48558410e-01 -1.26859981e-01\n",
      "    -5.39132403e-02  3.16253569e-01]\n",
      "   [ 2.17267097e-01  5.12892829e-02 -3.48387056e-02 -2.28216939e-02\n",
      "    -3.76087591e-02  8.83438308e-02]\n",
      "   [-1.27898167e-02  8.14580723e-02  4.01106291e-01  7.70743647e-02\n",
      "    -5.87226774e-03 -2.31284539e-02]\n",
      "   [-3.66660146e-02  1.11949023e-02  1.12666197e-01  4.86538705e-02\n",
      "     1.42748584e-01  1.43414160e-02]\n",
      "   [-6.27060454e-02 -1.78946757e-02  7.03020766e-02  1.59487067e-01\n",
      "     8.09964233e-01  1.68530039e-01]\n",
      "   [ 2.92063983e-01  3.27426956e-02 -1.97646691e-01 -1.97161007e-02\n",
      "     1.76591429e-01  1.81705544e-01]]\n",
      "\n",
      "  [[ 2.82053501e+00  8.56353476e-01 -6.35137964e-02 -1.47524019e-01\n",
      "    -2.43592432e-01  1.16616151e+00]\n",
      "   [ 8.56353476e-01  3.72753209e-01  4.01106291e-01  3.00950505e-02\n",
      "    -1.59578332e-01  3.14417793e-01]\n",
      "   [-6.35137964e-02  4.01106291e-01  1.61701645e+00  3.44607961e-01\n",
      "    -2.31883262e-02 -1.12442402e-01]\n",
      "   [-1.47524019e-01  3.00950505e-02  3.44607961e-01  1.81699501e-01\n",
      "     5.85708060e-01  6.36757318e-02]\n",
      "   [-2.43592432e-01 -1.59578332e-01 -2.31883262e-02  5.85708060e-01\n",
      "     3.31717477e+00  7.15315222e-01]\n",
      "   [ 1.16616151e+00  3.14417793e-01 -1.12442402e-01  6.36757318e-02\n",
      "     7.15315222e-01  6.94613207e-01]]\n",
      "\n",
      "  [[ 5.91170919e-01  1.97038418e-01  5.28925851e-02 -1.49047296e-02\n",
      "    -5.23523663e-02  2.39954001e-01]\n",
      "   [ 1.79206198e-01  8.33358530e-02  1.12666197e-01  9.97286615e-03\n",
      "    -3.37291035e-02  6.46811992e-02]\n",
      "   [-1.26673672e-02  7.70743647e-02  3.44607961e-01  6.14215724e-02\n",
      "    -3.83846609e-03 -2.07952755e-02]\n",
      "   [-2.89366167e-02 -8.36708688e-03  1.98510052e-02  2.36887667e-02\n",
      "     1.24547258e-01  1.77826352e-02]\n",
      "   [-4.02138895e-02 -1.05323907e-01 -2.98919709e-01  5.66604196e-02\n",
      "     7.02750054e-01  1.70859785e-01]\n",
      "   [ 2.46877490e-01  5.60836858e-02 -6.76388643e-02  4.53038323e-03\n",
      "     1.51212282e-01  1.48611488e-01]]\n",
      "\n",
      "  [[-4.35299897e-02  1.73514183e-02  1.23452474e-01  2.76946509e-02\n",
      "     2.11048479e-03 -2.61420094e-02]\n",
      "   [-1.53410498e-02  1.30094446e-02  7.03020766e-02  1.58370607e-02\n",
      "     1.29931919e-03 -1.02387592e-02]\n",
      "   [ 9.98310473e-04 -5.87226774e-03 -2.31883262e-02 -3.83846609e-03\n",
      "    -6.42678830e-05  1.81483220e-03]\n",
      "   [ 1.32587989e-02 -7.23728092e-02 -2.98919709e-01 -6.39963494e-02\n",
      "    -3.38722097e-03  1.93054926e-02]\n",
      "   [ 6.77809671e-02 -4.02856284e-01 -1.65880394e+00 -3.56555125e-01\n",
      "    -2.36585582e-02  1.02510167e-01]\n",
      "   [-3.48601926e-03 -9.20412519e-02 -3.54847283e-01 -7.58622421e-02\n",
      "    -5.08682431e-03  1.33597013e-02]]\n",
      "\n",
      "  [[-1.73535788e-01 -1.99541653e-01 -5.76716192e-01 -1.12929005e-01\n",
      "     2.36616996e-02 -3.35501300e-02]\n",
      "   [-5.15205874e-02 -6.52584637e-02 -1.97646691e-01 -3.74177976e-02\n",
      "     1.27316493e-02 -8.04849155e-03]\n",
      "   [ 3.85301934e-03 -2.31284539e-02 -1.12442402e-01 -2.07952755e-02\n",
      "     1.81483220e-03  5.14469457e-03]\n",
      "   [ 1.15800275e-02 -1.20137661e-02 -6.76388643e-02 -2.09535366e-02\n",
      "    -3.92383141e-02 -1.71774060e-03]\n",
      "   [ 2.97859649e-02 -7.70397755e-02 -3.54847283e-01 -1.14891197e-01\n",
      "    -2.21927185e-01 -2.21436390e-02]\n",
      "   [-6.88365742e-02 -1.05564974e-01 -3.35202911e-01 -7.71054504e-02\n",
      "    -4.54665509e-02 -2.06576173e-02]]]\n",
      "\n",
      "\n",
      " [[[-7.17650878e-02 -9.12282103e-02 -2.90647467e-01 -1.01352327e-01\n",
      "    -2.40243692e-01 -7.78608117e-02]\n",
      "   [-1.82898848e-02 -3.65975379e-02 -1.26859981e-01 -3.81272983e-02\n",
      "    -6.74851752e-02 -1.88692980e-02]\n",
      "   [ 2.79389298e-03 -3.66660146e-02 -1.47524019e-01 -2.89366167e-02\n",
      "     1.32587989e-02  1.15800275e-02]\n",
      "   [ 2.88226850e-03 -2.54123849e-03 -1.49047296e-02 -5.43925442e-03\n",
      "    -1.27045851e-02 -1.06670586e-03]\n",
      "   [ 5.12723666e-03  1.19382026e-02  2.76946509e-02 -1.90757267e-02\n",
      "    -1.42411507e-01 -3.37689462e-02]\n",
      "   [-2.49190405e-02 -3.34602879e-02 -1.12929005e-01 -4.76023829e-02\n",
      "    -1.39749522e-01 -4.04218539e-02]]\n",
      "\n",
      "  [[ 1.17344730e-01  1.36950832e-02 -9.22614681e-02 -3.81272983e-02\n",
      "    -8.38001555e-02  3.57874926e-02]\n",
      "   [ 4.15683198e-02  7.11601750e-03 -2.28216939e-02 -1.49474404e-02\n",
      "    -4.76241857e-02  7.92077109e-03]\n",
      "   [ 1.55214364e-02  1.11949023e-02  3.00950505e-02 -8.36708688e-03\n",
      "    -7.23728092e-02 -1.20137661e-02]\n",
      "   [-2.54123849e-03  1.08209785e-03  9.97286615e-03  3.65942290e-03\n",
      "     9.54439779e-03  8.61341371e-04]\n",
      "   [-1.27943082e-02 -2.68117677e-03  1.58370607e-02  2.68360507e-02\n",
      "     1.29169330e-01  2.57506692e-02]\n",
      "   [ 4.83396556e-02  5.17887015e-03 -3.74177976e-02 -9.52244169e-03\n",
      "    -8.30690442e-04  2.32956309e-02]]\n",
      "\n",
      "  [[ 5.91170919e-01  1.79206198e-01 -1.26673672e-02 -2.89366167e-02\n",
      "    -4.02138895e-02  2.46877490e-01]\n",
      "   [ 1.97038418e-01  8.33358530e-02  7.70743647e-02 -8.36708688e-03\n",
      "    -1.05323907e-01  5.60836858e-02]\n",
